# vim: ft=dircolors:

*.i231 38;5;231 # define color index 231
*.a231 38;5;145 # define 231's another color used by prefix string
# *.c231 1      # define 231's cursur color used by next-to-the-cursor string

*.i230 38;5;230
*.a231 38;5;144

*.i229 38;5;229
*.a229 38;5;143

*.i228 38;5;228
*.o228 38;5;142

*.i227 38;5;227
*.a227 38;5;101

*.i226 38;5;226
*.a226 38;5;100

*.i225 38;5;225
*.a225 38;5;139

*.i224 38;5;224
*.a224 38;5;138

*.i223 38;5;223
*.a223 38;5;137

*.i222 38;5;222
*.a222 38;5;136

*.i221 38;5;221
*.a221 38;5;95

*.i220 38;5;220
*.a220 38;5;94

*.i219 38;5;219
*.a219 38;5;133

*.i218 38;5;218
*.a218 38;5;132

*.i217 38;5;217
*.a217 38;5;131

*.i216 38;5;216
*.a216 38;5;130

*.i215 38;5;215
*.a215 38;5;137

*.i214 38;5;214
*.a214 38;5;136

*.i213 38;5;213
*.a213 38;5;133

*.i212 38;5;212
*.a212 38;5;132

*.i211 38;5;211
*.a211 38;5;131

*.i210 38;5;210
*.a210 38;5;130

*.i209 38;5;209
*.a209 38;5;5

*.i208 38;5;208
*.a208 38;5;5

*.i207 38;5;207
*.a207 38;5;1

*.i206 38;5;206
*.a206 38;5;1

*.i205 38;5;205
*.a205 38;5;1

*.i204 38;5;204
*.a204 38;5;1

*.i203 38;5;203
*.a203 38;5;1

*.i202 38;5;202
*.a202 38;5;1

*.i201 38;5;201
*.a201 38;5;5

*.i200 38;5;200
*.a200 38;5;5

*.i199 38;5;199
*.a199 38;5;5

*.i198 38;5;198
*.a198 38;5;5

*.i197 38;5;197
*.a197 38;5;1

*.i196 38;5;196
*.a196 38;5;1

*.i195 38;5;195
*.a195 38;5;109

*.i194 38;5;194
*.a194 38;5;108

*.i193 38;5;193
*.a193 38;5;107

*.i192 38;5;192
*.a192 38;5;106

*.i191 38;5;191
*.a191 38;5;64

*.i190 38;5;190
*.a190 38;5;64

*.i189 38;5;189
*.a189 38;5;103

*.i188 38;5;188
*.a188 38;5;102

*.i187 38;5;187
*.a187 38;5;101

*.i186 38;5;186
*.a186 38;5;100

*.i185 38;5;185
*.a185 38;5;58

*.i184 38;5;184
*.a184 38;5;58

*.i183 38;5;183
*.a183 38;5;97

*.i182 38;5;182
*.a182 38;5;96

*.i181 38;5;181
*.a181 38;5;95

*.i180 38;5;180
*.a180 38;5;94

*.i179 38;5;179
*.a179 38;5;94

*.i178 38;5;178
*.a178 38;5;94

*.i177 38;5;177
*.a177 38;5;97

*.i176 38;5;176
*.a176 38;5;96

*.i175 38;5;175
*.a175 38;5;95

*.i174 38;5;174
*.a174 38;5;94

*.i173 38;5;173
*.a173 38;5;94

*.i172 38;5;172
*.a172 38;5;94

*.i171 38;5;171
*.a171 38;5;97

*.i170 38;5;170
*.a170 38;5;96

*.i169 38;5;169
*.a169 38;5;95

*.i168 38;5;168
*.a168 38;5;94

*.i167 38;5;167
*.a167 38;5;1

*.i166 38;5;166
*.a166 38;5;1

*.i165 38;5;165
*.a165 38;5;97

*.i164 38;5;164
*.a164 38;5;96

*.i163 38;5;163
*.a163 38;5;95

*.i162 38;5;162
*.a162 38;5;94

*.i161 38;5;161
*.a161 38;5;1

*.i160 38;5;160
*.a160 38;5;1

*.i159 38;5;159
*.a159 38;5;109

*.i158 38;5;158
*.a158 38;5;108

*.i157 38;5;157
*.a157 38;5;107

*.i156 38;5;156
*.a156 38;5;106

*.i155 38;5;155
*.a155 38;5;64

*.i154 38;5;154
*.a154 38;5;64

*.i153 38;5;153
*.a153 38;5;6

*.i152 38;5;152
*.a152 38;5;6

*.i151 38;5;151
*.a151 38;5;6

*.i150 38;5;150
*.a150 38;5;2

*.i149 38;5;149
*.a149 38;5;2

*.i148 38;5;148
*.a148 38;5;2

*.i147 38;5;147
*.a147 38;5;62

*.i146 38;5;146
*.a146 38;5;61

*.i145 38;5;145
*.a145 38;5;60

*.i144 38;5;144
*.a144 38;5;59

*.i143 38;5;143
*.a143 38;5;58

*.i142 38;5;142
*.a142 38;5;58

*.i141 38;5;141
*.a142 38;5;4

*.i140 38;5;140
*.a140 38;5;5

*.i139 38;5;139
*.a139 38;5;5

*.i138 38;5;138
*.a138 38;5;5

*.i137 38;5;137
*.a137 38;5;5

*.i136 38;5;136
*.a136 38;5;5

*.i135 38;5;135
*.a135 38;5;5

*.i134 38;5;134
*.a134 38;5;5

*.i133 38;5;133
*.a133 38;5;5

*.i132 38;5;132
*.a132 38;5;5

*.i131 38;5;131
*.a131 38;5;5

*.i130 38;5;130
*.a130 38;5;5

*.i129 38;5;129
*.a129 38;5;5

*.i128 38;5;128
*.a128 38;5;5

*.i127 38;5;127
*.a127 38;5;5

*.i126 38;5;126
*.a126 38;5;5

*.i125 38;5;125
*.a126 38;5;5

*.i124 38;5;124
*.a124 38;5;1

*.i123 38;5;123
*.a123 38;5;6

*.i122 38;5;122
*.a122 38;5;6

*.i121 38;5;121
*.a121 38;5;6

*.i120 38;5;120
*.a120 38;5;2

*.i119 38;5;119
*.a119 38;5;2

*.i118 38;5;118
*.a118 38;5;2

*.i117 38;5;117
*.a117 38;5;6

*.i116 38;5;116
*.a116 38;5;6

*.i115 38;5;115
*.a115 38;5;6

*.i114 38;5;114
*.a114 38;5;2

*.i113 38;5;113
*.a113 38;5;2

*.i112 38;5;112
*.a112 38;5;2

*.i111 38;5;111
*.a111 38;5;4

*.i110 38;5;110
*.a110 38;5;4

*.i109 38;5;109
*.a109 38;5;4

*.i108 38;5;108
*.a108 38;5;2

*.i107 38;5;107
*.a107 38;5;2

*.i106 38;5;106
*.a106 38;5;2

*.i105 38;5;105
*.a105 38;5;4

*.i104 38;5;104
*.a104 38;5;4

*.i103 38;5;103
*.a103 38;5;8

*.i102 38;5;102
*.a102 38;5;8

*.i101 38;5;101
*.a101 38;5;8

*.i100 38;5;100
*.a100 38;5;8

*.i99 38;5;99
*.a99 38;5;4

*.i98 38;5;98
*.a98 38;5;4

*.i97 38;5;97
*.a97 38;5;5

*.i96 38;5;96
*.a96 38;5;5

*.i95 38;5;95
*.a95 38;5;5

*.i94 38;5;94
*.a94 38;5;8

*.i93 38;5;93
*.a93 38;5;4

*.i92 38;5;92
*.i91 38;5;91
*.i90 38;5;90
*.i89 38;5;89
*.i88 38;5;88

*.i87 38;5;87
*.a87 38;5;6

*.i86 38;5;86
*.a86 38;5;6

*.i85 38;5;85
*.a85 38;5;6

*.i84 38;5;84
*.a84 38;5;2

*.i83 38;5;83
*.a83 38;5;2

*.i82 38;5;82
*.a82 38;5;2

*.i81 38;5;81
*.a81 38;5;6

*.i80 38;5;80
*.a80 38;5;6

*.i79 38;5;79
*.a79 38;5;6

*.i78 38;5;78
*.a78 38;5;2

*.i77 38;5;77
*.a77 38;5;2

*.i76 38;5;76
*.a76 38;5;2

*.i75 38;5;75
*.a75 38;5;4

*.i74 38;5;74
*.a74 38;5;4

*.i73 38;5;73
*.a73 38;5;4

*.i72 38;5;72
*.a72 38;5;2

*.i71 38;5;71
*.a71 38;5;2

*.i70 38;5;70
*.a70 38;5;2

*.i69 38;5;69
*.a69 38;5;4

*.i68 38;5;68
*.a68 38;5;4

*.i67 38;5;67
*.a67 38;5;4

*.i66 38;5;66
*.a66 38;5;2

*.i65 38;5;65
*.a65 38;5;2

*.i64 38;5;64
*.a64 38;5;2

*.i63 38;5;63
*.a63 38;5;4

*.i62 38;5;62
*.a62 38;5;4

*.i61 38;5;61
*.a61 38;5;4

*.i60 38;5;60
*.i59 38;5;59
*.i58 38;5;58

*.i57 38;5;57
*.a57 38;5;4

*.i56 38;5;56
*.i55 38;5;55
*.i54 38;5;54
*.i53 38;5;53
*.i52 38;5;52

*.i51 38;5;51
*.a51 38;5;6

*.i50 38;5;50
*.a50 38;5;6

*.i49 38;5;49
*.a49 38;5;6

*.i48 38;5;48
*.a48 38;5;2

*.i47 38;5;47
*.a47 38;5;2

*.i46 38;5;46
*.a46 38;5;2

*.i45 38;5;45
*.a45 38;5;6

*.i44 38;5;44
*.a44 38;5;6

*.i43 38;5;43
*.a43 38;5;6

*.i42 38;5;42
*.a42 38;5;2

*.i41 38;5;41
*.a41 38;5;2

*.i40 38;5;40
*.a40 38;5;2

*.i39 38;5;39
*.a39 38;5;4

*.i38 38;5;38
*.a38 38;5;4

*.i37 38;5;37
*.a37 38;5;4

*.i36 38;5;36
*.a37 38;5;2

*.i35 38;5;35
*.a35 38;5;2

*.i34 38;5;34
*.a34 38;5;2

*.i33 38;5;33
*.a33 38;5;4

*.i32 38;5;32
*.a32 38;5;4

*.i31 38;5;31
*.a31 38;5;4

*.i30 38;5;30
*.a30 38;5;4

*.i29 38;5;29
*.a29 38;5;2

*.i28 38;5;28
*.a28 38;5;2

*.i27 38;5;27
*.a27 38;5;4

*.i26 38;5;26
*.a26 38;5;4

*.i25 38;5;25
*.a25 38;5;4

*.i24 38;5;24
*.a24 38;5;4

*.i23 38;5;23
*.a22 38;5;22

*.i21 38;5;21
*.a21 38;5;4

*.i20 38;5;20
*.a20 38;5;4

*.i19 38;5;19
*.i18 38;5;18
*.i17 38;5;17
*.i16 38;5;16

*.i15 38;5;15
*.i14 38;5;14
*.i13 38;5;13
*.i12 38;5;12
*.i11 38;5;11
*.i10 38;5;10
*.i9 38;5;9
*.i8 38;5;8
*.i7 38;5;7
*.i6 38;5;6
*.i5 38;5;5
*.i4 38;5;4
*.i3 38;5;3
*.i2 38;5;2
*.i1 38;5;1
*.i0 38;5;0

# for completion prefix chars. "*.i<->" and "*.a<->" are paired. For which
# are not paired, it uses below color.
*.i* 38;5;8

*.c* 38;5;15;1

# exactly same(-ish) with input
*.sameish 48;5;238;38;5;255

#*.inormal 01;00
*.anormal 01;30
*.cnormal 38;5;15;1

#*.idir 01;33
*.adir 33
#*.cdir 38;5;0;30;48;5;1;47
*.cdir 48;5;110;1
